44
55
58
32
50
65
46
9
83
44
63
70
42
31
64
29
40
95
36
82
56
21
12
26
88
83
17
90
30
82
25
90
22
50
54
46
52
96
64
52
77
76
15
69
38
99
55
69
53
51
94
51
43
42
98
96
99
41
10
96
76
8
65
73
78
83
55
92
21
58
49
90
42
85
20
75
86
8
45
7
61
89
93
25
22
49
72
26
48
93
87
99
22
57
51
89
64
44
97
80
1
83
95
8
20
45
89
53
74
78
22
25
90
98
66
38
98
59
45
57
13
87
64
15
15
69
65
39
84
63
54
31
93
87
52
71
45
91
54
98
10
43
57
38
52
70
38
5
40
99
74
92
85
63
94
91
77
39
71
24
64
44
47
98
72
43
73
35
92
70
91
83
47
4
49
74
15
16
69
48
17
70
61
45
65
86
73
99
77
93
51
19
53
79
22
48
16
55
25
97
66
38
61
13
80
3
73
87
89
89
34
37
48
10
30
62
48
31
51
81
51
57
11
59
37
86
55
57
47
46
27
15
93
42
16
62
80
41
57
67
56
28
8
33
91
25
69
80
27
79
97
98
18
19
11
69
94
13
99
1
20
51
31
4
48
76
91
64
61
7
21
38
40
41
22
38
69
83
91
16
40
1
12
82
10
45
95
7
1
9
31
91
81
57
71
14
70
51
70
76
95
30
19
31
16
12
20
21
54
42
20
38
89
70
51
61
30
95
92
41
82
81
14
24
49
21
76
12
45
94
33
76
79
32
69
95
57
23
72
48
32
13
50
82
3
90
31
16
30
24
53
80
18
86
5
6
61
82
57
66
48
56
29
59
99
42
12
100
18
37
35
100
69
9
90
63
77
89
58
53
31
51
68
13
80
49
41
27
66
62
56
32
97
67
65
53
89
25
63
64
9
22
95
1
29
43
84
93
73
93
48
14
15
23
40
66
40
30
28
97
7
84
78
71
85
12
56
24
75
23
17
55
47
2
80
64
67
89
81
66
50
97
56
37
98
33
85
70
80
36
75
97
92
38
74
95
45
69
10
82
46
8
67
74
45
11
17
63
14
51
32
46
79
51
4
94
7
9
55
72
54
27
94
55
33
42
97
88
61
16
74
81
98
36
59
22
73
83
25
30
7
49
14
36
6
53
76
94
85
59
82
2
15
65
2
1
19
10
93
62
33
41
77
4
37
89
40
47
87
4
51
70
43
53
79
31
47
74
49
5
38
1
27
93
2
54
78
93
86
80
87
52
87
4
92
55
57
96
32
66
73
36
95
61
77
40
15
30
7
93
50
81
48
58
33
46
99
71
49
34
83
18
91
48
29
80
21
64
24
28
10
34
62
54
3
77
88
94
7
40
90
5
41
27
62
30
91
89
93
99
84
81
14
61
6
39
11
12
99
75
51
86
97
15
8
96
100
90
12
17
78
88
72
24
97
86
60
30
49
96
99
64
73
73
25
70
35
76
4
48
4
73
29
66
75
54
1
92
23
17
65
8
11
44
53
32
9
30
99
87
49
71
31
47
2
23
97
24
24
95
100
72
10
94
57
91
22
87
48
64
65
83
11
67
39
96
45
68
63
83
31
60
4
48
47
33
45
8
91
13
25
36
8
86
30
29
83
24
56
69
87
84
89
48
6
62
24
1
58
43
11
8
67
73
50
59
71
1
85
63
10
60
72
54
25
11
73
95
34
77
11
79
16
53
100
47
62
78
26
78
12
53
5
35
34
60
4
78
74
20
58
32
9
80
30
68
56
58
86
20
11
84
84
40
40
20
42
69
7
67
60
83
100
7
61
67
16
11
9
27
82
96
14
37
42
38
88
46
36
57
56
89
62
13
80
48
23
52
80
29
56
6
16
47
56
92
61
55
86
5
35
33
38
72
33
40
27
42
11
28
44
20
85
19
32
65
13
23
77
35
1
86
11
88
6
88
79
40
53
19
84
71
85
61
36
6
70
14
83
92
33
14
44
46
34
85
2
87
73
31
76
67
74
83
25
68
12
63
6
90
87
65
85
80
34
41
41
55
77
26
34
60
35
11
83
89
79
17
41
24
2
49
37
98
29
53
26
4
45
37
77
90
79
17
76
52
83
88
33
2
11
86
66
73
53
47
68
49
60
1
23
5
59
83
61
96
14
1
35
32
84
35
57
49
72
53
4
12
90
13
38
52
2
34
58
13
18
37
77
46
9
71
69
49
29
36
2
98
11
50
50
7
88
48
77
71
24
66
100
5
27
42
97
95
26
38
14
1
29
18
